10
10,10
0,0
9,9
1,1,1,-1,9,-1,4,2,3,-1
1,1,1,1,-1,8,7,7,9,-1
1,1,1,1,1,-1,9,-1,9,2
1,1,1,1,1,1,7,-1,9,8
9,1,1,1,1,1,1,-1,-1,-1
0,5,-1,1,1,1,1,1,0,-1
-1,1,3,-1,1,1,1,1,1,1
8,-1,-1,-1,5,1,1,1,1,1
7,-1,-1,9,8,8,1,1,1,1
-1,6,-1,7,1,1,4,1,1,1
15,15
0,0
14,14
1,1,1,9,-1,7,2,13,-1,11,4,2,4,14,6
1,1,1,1,2,4,4,6,11,12,12,10,-1,-1,2
1,1,1,1,1,10,-1,6,-1,1,9,13,2,7,2
1,1,1,1,1,1,12,1,4,-1,4,-1,6,0,2
13,9,1,1,1,1,1,9,7,14,6,5,0,7,5
4,6,12,1,1,1,1,1,11,8,14,-1,1,-1,-1
-1,13,-1,11,1,1,1,1,1,14,9,-1,2,14,5
5,5,-1,7,8,1,1,1,1,1,5,11,7,6,4
3,3,-1,4,-1,9,1,1,1,1,1,-1,6,14,8
-1,9,-1,-1,-1,-1,-1,1,1,1,1,1,6,-1,-1
1,2,4,0,7,8,-1,-1,1,1,1,1,1,11,8
6,5,1,10,2,8,-1,-1,9,1,1,1,1,1,9
-1,3,0,10,-1,3,8,7,0,-1,1,1,1,1,1
13,14,-1,13,-1,8,13,0,5,-1,6,1,1,1,1
7,2,3,-1,10,10,8,3,1,4,-1,7,1,1,1
20,20
0,0
19,19
1,1,1,3,13,11,7,7,0,5,14,-1,15,7,6,10,11,4,4,2
1,1,1,1,-1,-1,7,19,15,14,12,5,-1,13,10,4,16,-1,19,-1
1,1,1,1,1,19,9,0,10,17,9,-1,7,8,11,15,6,6,11,-1
9,1,1,1,1,1,6,11,-1,5,-1,15,3,2,0,5,-1,12,1,-1
2,7,1,1,1,1,1,-1,7,0,18,-1,2,-1,6,12,15,16,5,18
1,15,16,1,1,1,1,1,17,12,19,7,13,3,0,6,-1,18,13,-1
15,7,18,6,1,1,1,1,1,9,14,12,14,11,-1,3,9,3,17,12
11,18,-1,0,18,1,1,1,1,1,-1,1,15,-1,18,-1,2,8,4,12
-1,-1,10,8,13,4,1,1,1,1,1,0,5,16,19,9,-1,5,13,5
8,17,8,12,16,4,-1,1,1,1,1,1,-1,7,-1,11,17,13,-1,15
8,9,11,-1,11,-1,-1,-1,1,1,1,1,1,5,2,-1,17,16,11,4
13,16,6,11,-1,8,8,4,7,1,1,1,1,1,17,-1,-1,16,18,15
9,11,8,3,-1,6,15,11,8,11,1,1,1,1,1,-1,-1,7,9,-1
9,19,-1,9,3,-1,9,15,-1,16,18,1,1,1,1,1,15,-1,19,3
16,0,15,9,2,15,0,17,5,10,16,-1,1,1,1,1,1,11,13,-1
10,2,11,-1,-1,9,-1,-1,0,-1,19,4,-1,1,1,1,1,1,9,15
14,15,6,16,-1,9,-1,17,0,6,10,10,-1,5,1,1,1,1,1,-1
12,17,11,-1,2,-1,-1,2,-1,12,-1,15,3,19,13,1,1,1,1,1
-1,-1,14,1,6,12,-1,13,9,-1,-1,4,1,16,12,0,1,1,1,1
8,15,-1,-1,0,2,3,6,8,11,5,8,-1,-1,-1,13,11,1,1,1
25,25
0,0
24,24
1,1,1,5,8,21,15,17,19,-1,-1,22,6,7,21,13,-1,14,-1,4,3,8,15,11,7
1,1,1,1,13,-1,6,12,0,15,12,-1,-1,18,-1,5,22,3,24,-1,14,-1,15,17,10
1,1,1,1,1,0,11,-1,-1,21,24,0,24,-1,7,-1,9,21,-1,3,-1,22,9,21,12
19,1,1,1,1,1,17,24,6,21,-1,-1,-1,15,-1,9,-1,-1,1,16,17,16,11,-1,3
10,9,1,1,1,1,1,5,15,13,-1,24,13,-1,20,24,-1,15,5,14,17,12,0,1,19
15,-1,-1,1,1,1,1,1,15,17,-1,14,-1,15,8,10,16,-1,22,19,20,11,10,20,7
10,-1,0,22,1,1,1,1,1,-1,12,4,4,-1,8,14,24,-1,4,-1,3,-1,17,3,1
2,-1,10,3,1,1,1,1,1,1,1,13,-1,8,0,24,9,18,21,8,-1,7,8,-1,1
-1,-1,9,22,7,23,1,1,1,1,1,0,-1,18,12,0,19,-1,14,8,-1,-1,22,17,3
-1,24,14,-1,-1,1,9,1,1,1,1,1,-1,-1,4,21,20,21,12,22,3,12,8,13,-1
17,13,7,6,2,22,3,3,1,1,1,1,1,20,3,-1,23,18,10,-1,-1,9,-1,11,1
8,21,-1,19,5,0,-1,1,10,1,1,1,1,1,-1,17,23,24,7,1,-1,5,19,18,0
8,2,11,-1,-1,23,17,21,-1,21,1,1,1,1,1,-1,10,-1,6,8,3,-1,2,12,6
21,13,24,-1,14,16,-1,-1,7,13,13,1,1,1,1,1,-1,7,-1,23,7,12,-1,22,-1
12,9,13,-1,17,-1,19,6,1,-1,-1,-1,1,1,1,1,1,11,0,14,-1,7,12,2,-1
8,19,15,-1,12,14,-1,0,-1,1,24,-1,-1,1,1,1,1,1,1,1,9,16,8,12,-1
21,23,-1,23,-1,13,21,0,-1,6,14,5,15,12,1,1,1,1,1,-1,-1,7,7,-1,-1
16,-1,10,8,-1,20,-1,14,9,22,-1,10,14,11,8,1,1,1,1,1,19,4,-1,21,4
11,8,-1,20,-1,9,-1,-1,-1,-1,7,-1,6,9,4,1,1,1,1,1,1,1,23,7,18
15,15,14,11,3,5,9,-1,13,22,12,12,-1,6,13,-1,2,1,1,1,1,1,-1,21,10
14,24,-1,12,15,6,11,15,13,16,8,13,1,6,23,10,3,13,1,1,1,1,1,6,-1
-1,10,-1,1,4,8,18,1,-1,15,4,-1,6,-1,-1,11,9,13,14,1,1,1,1,1,-1
1,1,-1,23,22,15,-1,15,-1,-1,0,6,4,20,0,12,-1,18,21,11,1,1,1,1,1
-1,4,17,-1,7,12,-1,9,5,0,5,18,18,22,-1,-1,24,4,15,2,8,1,1,1,1
15,6,13,23,13,-1,14,24,16,-1,20,21,-1,15,-1,11,-1,-1,6,18,22,-1,1,1,1
30,30
0,0
29,29
1,1,1,3,5,7,-1,-1,4,29,27,0,27,0,8,27,11,-1,-1,-1,20,6,24,11,-1,-1,19,-1,23,17
1,1,1,1,27,29,8,29,19,5,14,26,11,-1,2,8,4,-1,23,3,8,28,19,29,-1,6,-1,28,-1,17
1,1,1,1,1,4,7,2,9,-1,16,17,2,23,27,24,-1,1,18,28,3,8,3,22,-1,23,-1,3,15,-1
5,1,1,1,1,1,18,-1,26,-1,11,-1,-1,-1,16,27,10,19,12,25,13,8,23,7,6,10,-1,25,-1,3
21,-1,1,1,1,1,1,-1,-1,6,19,-1,26,2,24,23,8,29,-1,4,-1,14,4,4,-1,28,22,-1,-1,15
-1,24,20,1,1,1,1,1,0,26,-1,1,5,25,-1,-1,24,13,-1,-1,26,12,3,1,16,0,-1,2,28,29
10,6,0,12,1,1,1,1,1,-1,-1,17,-1,0,24,2,-1,15,24,-1,1,-1,-1,19,10,13,-1,14,-1,1
22,9,17,20,-1,1,1,1,1,1,24,1,-1,18,22,-1,9,-1,1,4,0,19,9,-1,-1,2,-1,18,18,22
1,-1,5,-1,5,28,1,1,1,1,1,29,28,16,3,-1,-1,12,13,29,4,21,-1,23,22,9,11,28,-1,13
26,16,17,0,28,-1,-1,1,1,1,1,1,6,25,10,-1,-1,17,-1,2,1,-1,20,11,24,26,25,25,0,14
8,6,22,-1,-1,26,7,11,1,1,1,1,1,-1,-1,23,8,22,13,-1,2,-1,18,26,28,0,14,14,26,17
-1,9,7,3,-1,6,15,14,11,1,1,1,1,1,-1,-1,-1,-1,9,5,26,-1,24,6,-1,-1,0,26,7,12
8,-1,1,6,-1,4,25,22,-1,19,1,1,1,1,1,-1,3,6,-1,-1,15,-1,16,-1,16,0,12,17,6,4
22,1,9,24,21,5,25,9,21,11,10,1,1,1,1,1,8,14,-1,8,25,23,29,-1,24,29,1,9,-1,6
-1,27,8,29,19,18,14,26,-1,25,16,23,1,1,1,1,1,8,-1,-1,29,3,-1,28,9,5,25,-1,-1,5
5,9,-1,29,0,17,-1,-1,23,-1,24,8,-1,1,1,1,1,1,4,10,4,5,-1,18,-1,14,1,18,1,-1
-1,27,13,-1,9,7,-1,6,-1,29,3,23,28,14,1,1,1,1,1,23,0,9,12,-1,-1,-1,16,21,6,-1
25,8,-1,-1,13,19,9,29,-1,1,-1,20,21,18,-1,1,1,1,1,1,-1,17,15,-1,2,19,26,-1,26,14
26,29,18,28,8,19,1,-1,21,29,14,-1,0,26,15,0,1,1,1,1,1,8,20,-1,22,-1,-1,-1,-1,23
2,3,18,22,-1,1,3,8,1,8,10,15,10,-1,17,21,29,1,1,1,1,1,3,2,18,-1,-1,-1,18,20
3,-1,6,23,24,12,3,5,6,11,-1,29,10,28,-1,-1,7,2,1,1,1,1,1,19,1,-1,17,-1,-1,3
16,27,10,18,14,4,6,25,-1,4,17,-1,7,8,17,12,17,25,16,1,1,1,1,1,3,-1,0,-1,22,-1
3,-1,17,28,8,0,15,19,10,2,18,7,28,-1,-1,0,-1,13,-1,15,1,1,1,1,1,18,15,29,-1,20
12,-1,19,24,-1,0,-1,8,15,12,-1,1,10,27,6,18,5,4,20,-1,24,1,1,1,1,1,29,1,-1,-1
-1,11,8,-1,26,14,-1,23,20,11,-1,0,10,-1,26,-1,15,-1,21,-1,15,-1,1,1,1,1,1,18,-1,-1
12,12,6,-1,3,2,26,-1,-1,27,10,6,15,7,19,6,-1,25,6,14,19,20,17,1,1,1,1,1,18,14
0,17,13,24,-1,-1,2,14,-1,-1,1,-1,29,4,13,27,4,23,1,16,-1,22,-1,12,1,1,1,1,1,25
17,-1,-1,15,-1,20,15,29,5,21,20,-1,24,21,4,24,24,2,22,3,1,2,7,-1,-1,1,1,1,1,1
27,13,18,5,16,25,4,26,-1,17,11,2,-1,4,-1,29,24,-1,4,-1,23,5,28,4,28,28,1,1,1,1
-1,23,-1,9,27,22,-1,6,27,-1,27,1,13,-1,6,17,3,6,17,14,15,21,2,15,-1,25,23,1,1,1
35,35
0,0
34,34
1,1,1,17,32,20,14,13,15,30,2,11,2,4,22,25,32,27,24,28,-1,-1,2,-1,26,-1,6,33,11,2,19,-1,8,4,-1
1,1,1,1,-1,-1,-1,33,13,9,-1,2,-1,20,15,-1,25,-1,1,-1,34,22,3,24,14,4,-1,-1,-1,1,1,6,2,2,20
1,1,1,1,1,27,6,17,2,24,34,27,18,-1,7,34,14,6,10,20,-1,31,23,19,-1,12,3,20,5,30,18,34,33,-1,20
14,1,1,1,1,1,28,-1,8,-1,-1,29,-1,13,-1,30,5,10,7,14,-1,6,16,20,2,25,32,22,28,-1,11,2,-1,3,18
-1,14,1,1,1,1,1,16,-1,2,19,23,31,19,3,17,4,-1,28,-1,22,10,6,4,0,12,31,4,24,27,2,32,7,30,17
9,30,16,1,1,1,1,1,32,-1,26,10,-1,29,24,26,32,-1,13,2,25,-1,24,15,-1,7,-1,-1,10,27,14,21,0,19,34
1,15,-1,-1,1,1,1,1,1,7,33,4,20,2,14,16,22,16,19,0,6,11,9,20,18,3,32,-1,0,10,33,-1,-1,5,30
26,0,0,-1,29,1,1,1,1,1,33,-1,15,-1,30,27,6,-1,2,1,-1,-1,-1,17,-1,20,33,22,25,31,26,29,-1,10,4
30,10,2,19,-1,2,1,1,1,1,1,31,0,14,0,-1,11,25,21,10,27,-1,21,-1,24,19,8,19,34,-1,34,32,-1,-1,24
-1,10,-1,24,9,2,-1,1,1,1,1,1,28,-1,6,29,-1,8,12,9,19,9,27,19,-1,21,2,24,-1,1,10,31,2,11,5
-1,14,6,9,5,10,3,11,1,1,1,1,1,33,14,-1,-1,0,23,-1,20,6,0,33,17,27,9,-1,4,-1,-1,25,11,2,28
9,7,14,7,0,24,23,13,8,1,1,1,1,1,16,11,-1,-1,9,19,-1,8,-1,31,-1,10,27,15,8,27,13,20,16,-1,-1
3,25,13,-1,3,29,-1,-1,26,27,1,1,1,1,1,27,20,12,33,19,20,21,5,13,-1,-1,14,-1,24,-1,8,26,-1,22,-1
17,20,-1,23,-1,-1,-1,-1,19,24,-1,1,1,1,1,1,-1,21,-1,-1,11,33,30,-1,18,28,-1,30,17,18,7,20,13,8,1
-1,0,29,31,4,26,-1,1,29,19,18,25,1,1,1,1,1,34,-1,-1,17,10,25,2,9,13,-1,20,-1,32,3,5,-1,4,27
1,4,32,12,7,10,34,18,21,-1,-1,7,15,1,1,1,1,1,-1,-1,16,-1,-1,3,18,25,15,1,-1,18,-1,-1,1,27,17
19,13,14,-1,30,24,-1,10,15,15,28,14,-1,29,1,1,1,1,1,-1,-1,28,12,32,1,20,29,6,21,-1,-1,11,14,33,-1
5,20,33,1,-1,-1,28,32,8,15,11,4,-1,-1,8,1,1,1,1,1,33,-1,-1,4,33,31,5,-1,-1,25,34,14,-1,15,13
-1,-1,30,4,23,31,-1,-1,0,1,5,23,0,9,25,33,1,1,1,1,1,25,3,15,-1,0,-1,0,8,10,-1,14,6,26,26
26,34,-1,21,14,15,27,29,8,28,20,-1,10,26,-1,32,28,1,1,1,1,1,2,23,13,-1,29,-1,0,-1,27,-1,-1,-1,-1
10,12,-1,1,-1,-1,9,1,16,13,3,10,0,28,-1,17,10,21,1,1,1,1,1,4,1,17,-1,-1,-1,27,6,-1,-1,28,19
-1,32,2,-1,31,26,-1,10,22,12,5,-1,-1,26,6,12,5,-1,1,1,1,1,1,1,2,10,20,-1,13,10,14,33,27,-1,15
18,4,1,-1,2,6,-1,20,15,31,6,11,2,15,18,-1,6,8,28,-1,1,1,1,1,1,16,5,-1,-1,19,4,31,6,20,32
-1,-1,31,-1,18,-1,20,27,8,14,7,27,6,-1,30,2,19,-1,-1,22,12,1,1,1,1,1,5,13,-1,1,3,22,-1,8,34
-1,-1,-1,10,7,17,19,-1,9,6,24,-1,27,-1,-1,-1,17,34,-1,19,-1,3,1,1,1,1,1,7,7,20,10,34,18,3,31
7,22,1,1,29,28,5,21,24,29,-1,3,4,26,-1,33,5,8,11,-1,-1,-1,7,1,1,1,1,1,25,-1,23,-1,2,5,-1
13,26,29,-1,-1,5,-1,3,21,28,-1,28,23,20,1,8,16,13,21,21,-1,19,30,5,1,1,1,1,1,19,-1,0,28,-1,3
-1,15,24,15,-1,-1,-1,31,30,18,11,6,-1,33,7,16,-1,-1,5,-1,10,2,5,7,7,1,1,1,1,1,29,-1,6,22,-1
-1,25,29,-1,3,34,29,32,16,32,24,14,-1,4,21,3,12,-1,-1,1,-1,22,-1,-1,-1,33,1,1,1,1,1,14,32,3,20
15,13,5,27,21,19,33,-1,-1,22,20,11,3,20,-1,26,10,27,26,9,10,7,31,12,25,20,27,1,1,1,1,1,-1,16,-1
-1,-1,14,-1,32,28,9,-1,10,13,24,2,10,1,33,23,-1,-1,3,-1,-1,-1,2,16,5,20,14,-1,1,1,1,1,1,15,30
24,8,3,22,33,7,33,19,17,18,32,3,23,-1,-1,21,4,1,26,12,6,4,-1,-1,-1,-1,13,-1,-1,1,1,1,1,1,34
20,25,-1,3,-1,34,18,12,17,24,31,-1,20,12,17,22,7,34,4,33,12,21,33,6,1,18,34,26,18,20,1,1,1,1,1
14,26,27,6,1,-1,32,-1,10,4,-1,25,21,10,-1,4,-1,3,23,-1,0,13,25,2,-1,20,-1,1,-1,0,-1,1,1,1,1
23,8,1,8,18,-1,11,16,5,-1,-1,31,-1,11,-1,24,0,32,6,5,15,0,0,24,6,25,8,-1,17,-1,18,-1,1,1,1
40,40
0,0
39,39
1,1,1,9,-1,37,20,0,4,38,30,18,13,-1,4,-1,35,30,-1,20,0,-1,25,33,-1,20,22,-1,7,36,15,11,16,0,26,32,15,-1,-1,22
1,1,1,1,24,-1,16,35,12,-1,1,38,31,37,-1,39,21,38,8,-1,26,8,-1,25,3,-1,38,7,-1,28,33,24,32,-1,-1,-1,39,10,-1,-1
1,1,1,1,1,19,-1,31,1,3,34,34,8,4,2,-1,35,10,-1,-1,13,39,3,-1,-1,11,18,38,0,3,7,27,6,14,34,10,17,17,24,-1
14,1,1,1,1,1,19,6,3,33,4,11,8,19,11,-1,37,9,30,9,17,9,-1,35,-1,30,2,19,27,10,11,-1,-1,6,22,-1,17,21,-1,0
4,8,1,1,1,1,1,12,29,9,18,3,8,-1,-1,21,13,20,1,27,12,-1,32,11,4,18,6,10,16,-1,33,8,-1,26,15,17,20,-1,31,25
20,2,1,1,1,1,1,1,20,6,19,12,33,-1,-1,16,15,11,35,5,0,14,28,-1,9,-1,33,25,9,39,7,33,-1,17,3,23,16,-1,3,-1
-1,1,39,33,1,1,1,1,1,-1,6,-1,17,-1,-1,25,32,-1,-1,37,-1,34,10,25,3,3,-1,25,-1,16,5,14,0,-1,39,21,-1,8,19,4
-1,15,36,-1,9,1,1,1,1,1,20,-1,-1,14,3,-1,33,0,-1,14,29,5,17,7,-1,-1,-1,24,4,10,12,35,5,36,28,35,-1,38,24,3
5,-1,-1,33,2,9,1,1,1,1,1,25,-1,-1,30,10,-1,-1,5,36,-1,27,34,36,-1,30,15,2,3,39,36,35,-1,9,3,-1,37,-1,4,17
27,7,14,22,8,-1,15,1,1,1,1,1,-1,18,2,6,3,35,21,-1,17,6,-1,14,-1,20,27,14,-1,21,32,35,21,12,-1,27,6,-1,-1,14
25,-1,-1,34,21,38,35,-1,1,1,1,1,1,39,39,13,15,-1,-1,39,30,17,0,9,20,-1,20,8,12,-1,24,3,12,15,18,-1,2,19,-1,-1
16,-1,33,4,32,-1,29,31,38,1,1,1,1,1,15,35,-1,9,24,-1,8,0,37,15,-1,28,11,9,-1,4,30,-1,39,39,9,20,-1,15,31,18
35,39,33,-1,9,23,29,27,0,4,1,1,1,1,1,-1,20,31,13,34,14,5,4,30,17,14,29,2,0,2,-1,-1,6,22,-1,22,-1,29,15,-1
8,30,10,21,36,-1,11,32,39,20,31,1,1,1,1,1,30,12,31,37,32,34,10,20,13,38,0,-1,36,22,5,8,8,-1,-1,5,-1,13,33,7
26,21,-1,18,-1,29,18,22,3,10,-1,8,1,1,1,1,1,-1,24,13,17,-1,27,37,23,36,30,-1,-1,28,4,30,39,14,12,9,0,37,28,1
14,13,35,17,30,39,30,9,20,28,34,22,-1,1,1,1,1,1,13,17,30,-1,-1,-1,30,5,-1,31,14,-1,33,13,20,36,15,28,-1,13,8,14
-1,-1,0,7,15,-1,38,25,8,29,19,13,25,29,1,1,1,1,1,27,16,14,28,-1,-1,-1,20,-1,30,1,8,31,11,19,3,11,12,27,0,21
30,38,-1,-1,35,21,-1,30,31,11,0,30,24,-1,27,1,1,1,1,1,20,-1,20,14,4,37,10,-1,-1,-1,12,-1,6,19,-1,27,33,33,38,20
26,-1,9,-1,31,21,14,23,37,28,2,11,-1,32,36,30,1,1,1,1,1,-1,21,-1,4,32,10,-1,29,-1,-1,-1,16,26,21,24,28,37,24,-1
32,37,37,15,23,26,2,21,-1,0,-1,35,3,28,36,-1,-1,1,1,1,1,1,-1,35,14,28,-1,17,18,26,37,-1,-1,15,10,-1,17,1,-1,22
2,18,-1,33,22,7,-1,27,33,0,5,35,-1,22,-1,13,39,13,1,1,1,1,1,-1,-1,-1,9,-1,14,0,-1,3,5,-1,39,21,-1,15,29,16
15,9,1,21,28,28,2,4,23,15,-1,-1,16,15,10,3,-1,-1,-1,1,1,1,1,1,31,37,18,-1,3,28,10,-1,1,3,-1,13,10,4,-1,34
12,25,32,15,24,18,35,-1,39,-1,23,17,2,26,-1,8,4,-1,15,-1,1,1,1,1,1,30,10,10,28,15,25,32,11,39,-1,13,31,13,-1,26
11,32,22,20,-1,17,17,-1,14,33,25,-1,27,32,18,25,27,12,-1,13,12,1,1,1,1,1,-1,2,29,18,20,-1,-1,1,27,1,32,2,-1,-1
16,29,-1,27,17,0,35,5,30,0,10,7,19,16,26,14,1,16,19,-1,9,-1,1,1,1,1,1,-1,-1,23,36,20,11,4,13,-1,-1,23,26,25
35,13,-1,-1,13,20,-1,39,3,-1,-1,37,-1,13,22,17,23,11,11,-1,23,25,-1,1,1,1,1,1,37,4,-1,8,22,31,6,34,-1,12,-1,18
3,2,37,2,1,29,7,36,20,13,1,39,23,11,19,33,15,-1,17,31,-1,24,-1,38,1,1,1,1,1,-1,26,23,6,18,20,38,15,8,-1,11
22,-1,31,20,18,-1,-1,-1,-1,17,6,7,25,0,27,18,35,30,21,3,-1,-1,5,16,26,1,1,1,1,1,26,-1,30,-1,-1,-1,29,-1,-1,-1
9,37,35,-1,15,26,26,-1,-1,0,13,25,8,-1,33,28,32,-1,0,0,21,9,4,-1,32,9,1,1,1,1,1,14,17,2,14,28,19,2,-1,28
-1,-1,-1,10,25,4,21,12,0,1,34,8,15,24,23,4,29,0,21,2,7,-1,17,10,17,32,0,1,1,1,1,1,18,11,-1,-1,-1,10,-1,31
26,-1,-1,28,12,-1,17,27,37,-1,10,-1,27,5,-1,-1,22,-1,10,22,-1,27,27,-1,-1,16,-1,19,1,1,1,1,1,19,27,-1,12,26,25,-1
25,19,-1,17,28,36,19,33,11,16,15,34,-1,39,10,30,11,28,17,38,30,9,32,25,7,26,-1,-1,25,1,1,1,1,1,2,-1,22,-1,7,29
34,34,31,7,-1,39,-1,-1,-1,23,1,26,-1,35,-1,-1,0,1,26,36,-1,4,-1,-1,24,30,-1,1,-1,4,1,1,1,1,1,-1,33,24,-1,-1
17,2,-1,27,25,6,27,23,-1,-1,-1,8,37,11,37,35,29,-1,18,-1,25,30,22,19,5,34,36,6,19,29,-1,1,1,1,1,1,25,14,35,-1
24,19,22,31,30,-1,37,37,30,22,12,32,10,18,32,-1,-1,14,3,8,23,1,29,11,36,-1,26,37,33,26,-1,34,1,1,1,1,1,32,13,30
7,29,9,21,-1,6,33,17,25,-1,-1,12,26,2,-1,9,5,34,13,15,15,-1,2,-1,39,0,36,6,-1,5,32,0,4,1,1,1,1,1,9,22
20,-1,-1,32,16,19,7,27,4,25,-1,-1,14,33,4,-1,4,16,-1,6,6,10,5,22,-1,27,12,37,20,-1,37,0,-1,-1,1,1,1,1,1,-1
17,35,38,6,-1,8,20,10,20,29,31,1,39,19,6,18,5,1,0,7,39,-1,30,9,8,24,28,3,11,33,-1,0,9,4,33,1,1,1,1,1
1,6,-1,27,-1,-1,15,30,18,25,35,24,5,31,38,27,30,34,29,0,-1,11,23,18,35,21,15,-1,32,34,4,14,38,5,22,-1,1,1,1,1
6,7,-1,23,17,9,6,24,8,28,0,34,-1,14,25,28,34,16,7,-1,-1,17,27,-1,-1,2,-1,7,8,9,13,-1,-1,25,16,39,-1,1,1,1
45,45
0,0
44,44
1,1,1,19,27,-1,12,29,12,-1,-1,-1,28,37,15,-1,35,3,39,43,7,34,37,7,21,37,9,5,4,3,31,-1,20,9,43,43,0,32,26,4,5,31,22,-1,41
1,1,1,1,-1,2,1,-1,20,8,2,-1,0,16,6,29,26,15,14,-1,14,-1,37,29,11,27,42,33,36,35,-1,25,-1,32,-1,22,44,-1,0,4,19,39,-1,20,39
1,1,1,1,1,27,30,15,2,0,-1,0,9,11,19,3,17,3,27,-1,6,34,9,37,-1,11,43,27,-1,-1,-1,27,14,12,39,7,7,-1,-1,35,43,36,20,-1,18
44,1,1,1,1,1,-1,13,-1,34,27,17,2,39,2,38,15,-1,18,-1,9,-1,34,34,-1,42,36,39,32,18,38,-1,37,-1,-1,18,5,-1,-1,-1,29,-1,22,28,22
-1,-1,1,1,1,1,1,36,11,-1,9,0,24,0,7,8,17,-1,-1,8,34,11,27,33,40,42,12,20,32,22,16,43,18,29,-1,-1,-1,35,-1,8,-1,-1,18,-1,21
-1,-1,40,1,1,1,1,1,16,12,25,-1,36,24,23,22,29,31,2,-1,26,-1,44,36,-1,-1,31,2,26,-1,38,22,6,15,1,22,-1,-1,35,-1,-1,26,2,-1,-1
40,18,40,32,1,1,1,1,1,28,34,27,3,-1,5,0,-1,13,31,-1,27,42,6,12,17,15,6,42,-1,7,10,43,6,-1,43,2,16,24,-1,7,38,38,33,9,27
18,32,16,-1,-1,1,1,1,1,1,44,14,20,36,32,-1,8,4,4,-1,-1,-1,18,28,39,40,26,37,-1,13,27,20,37,22,35,30,-1,-1,22,35,5,18,40,2,0
-1,43,17,11,-1,-1,1,1,1,1,1,18,25,24,22,13,20,2,24,4,16,-1,-1,22,11,36,-1,27,-1,-1,32,38,40,20,38,30,25,27,38,22,21,19,30,11,23
42,37,-1,-1,14,37,2,1,1,1,1,1,37,31,-1,-1,33,39,8,5,-1,5,21,10,7,3,5,-1,12,16,10,42,-1,11,-1,14,17,-1,24,34,39,-1,24,17,-1
24,24,11,26,19,39,25,-1,1,1,1,1,1,24,38,39,10,34,-1,-1,13,34,-1,-1,19,44,43,22,0,28,0,39,-1,-1,-1,3,11,41,-1,18,12,12,-1,-1,4
31,12,15,15,36,2,13,32,14,1,1,1,1,1,19,43,-1,19,29,-1,0,31,23,41,-1,-1,44,36,6,13,25,-1,-1,-1,-1,9,22,1,-1,33,27,5,13,21,25
-1,14,27,24,23,25,-1,41,17,-1,1,1,1,1,1,-1,6,16,-1,16,18,5,31,-1,37,22,15,-1,11,-1,-1,-1,-1,38,2,18,18,36,21,37,21,-1,12,26,30
28,-1,5,-1,18,14,42,21,6,19,-1,1,1,1,1,1,27,21,14,-1,3,12,13,-1,-1,33,30,-1,19,23,9,14,2,1,41,17,-1,14,17,29,22,27,18,11,35
-1,13,5,-1,39,-1,13,3,4,33,30,13,1,1,1,1,1,43,22,-1,10,-1,39,-1,2,16,44,25,-1,15,-1,13,7,13,17,7,41,12,29,3,15,38,33,23,29
30,8,32,25,1,42,38,-1,36,32,3,28,31,1,1,1,1,1,35,18,34,28,42,0,25,30,-1,25,-1,43,20,28,-1,-1,43,26,24,-1,-1,3,6,14,34,-1,35
31,-1,10,16,0,8,9,-1,30,5,30,28,31,0,1,1,1,1,1,33,32,40,17,22,26,3,-1,-1,35,-1,-1,3,34,13,23,16,18,-1,-1,3,-1,5,-1,19,39
25,44,2,36,33,24,31,24,2,25,25,32,28,11,-1,1,1,1,1,1,29,4,20,37,12,11,-1,10,-1,12,19,24,30,6,18,-1,22,8,6,37,5,17,37,43,18
25,5,20,40,5,30,22,7,12,39,-1,14,24,-1,-1,-1,1,1,1,1,1,-1,-1,26,-1,42,14,-1,27,-1,10,15,10,34,-1,9,-1,22,0,11,-1,11,-1,8,16
24,32,21,-1,-1,19,-1,43,2,14,-1,29,3,39,42,-1,43,1,1,1,1,1,42,18,14,40,14,1,-1,-1,39,40,12,2,10,-1,31,28,28,39,7,36,41,11,36
-1,7,-1,2,29,30,43,19,13,35,7,3,-1,5,1,44,33,39,1,1,1,1,1,43,21,28,-1,-1,6,15,43,17,-1,3,-1,-1,26,-1,9,-1,3,40,3,18,20
29,24,30,-1,-1,20,-1,37,20,13,38,21,-1,5,3,6,7,3,7,1,1,1,1,1,43,16,5,-1,18,36,27,19,33,5,-1,38,5,-1,28,2,31,25,5,14,41
37,-1,30,-1,28,40,17,16,30,34,39,20,20,26,11,9,8,23,8,36,1,1,1,1,1,5,23,-1,12,7,12,21,6,-1,7,-1,10,44,7,4,30,7,27,39,-1
41,-1,6,-1,27,27,1,37,14,-1,0,35,44,38,34,2,6,-1,22,0,26,1,1,1,1,1,16,-1,10,-1,-1,24,16,19,9,18,-1,-1,40,-1,27,12,-1,3,-1
34,-1,0,-1,11,-1,9,6,18,32,31,33,19,7,28,27,8,38,24,3,3,35,1,1,1,1,1,13,43,40,15,4,18,34,0,43,-1,26,17,30,24,10,0,32,19
2,24,41,42,40,42,20,14,28,12,22,9,24,-1,7,14,2,22,42,36,31,38,28,1,1,1,1,1,-1,-1,17,12,18,-1,19,11,9,16,24,2,-1,-1,19,44,39
30,6,-1,-1,21,1,28,33,26,-1,18,-1,27,39,-1,-1,7,29,-1,14,3,-1,33,38,1,1,1,1,1,21,15,19,5,-1,-1,14,20,29,-1,33,40,-1,5,22,33
-1,8,-1,22,-1,7,-1,-1,16,13,20,2,25,0,8,14,-1,2,-1,36,-1,37,33,28,43,1,1,1,1,1,44,26,3,29,27,-1,-1,-1,26,29,39,38,37,28,17
6,-1,39,-1,-1,44,14,17,-1,27,15,1,33,13,18,40,16,20,35,40,42,-1,-1,-1,40,14,1,1,1,1,1,-1,42,19,10,4,30,30,6,-1,28,13,43,11,-1
42,13,-1,39,1,34,39,14,38,-1,1,24,36,18,1,6,-1,12,43,23,24,18,1,42,23,22,-1,1,1,1,1,1,2,-1,-1,26,26,-1,-1,-1,-1,42,38,-1,36
31,32,-1,11,-1,-1,-1,0,36,44,-1,33,10,-1,-1,32,-1,16,22,31,16,1,44,6,28,9,-1,-1,1,1,1,1,1,8,35,34,19,26,-1,15,27,11,-1,40,-1
-1,31,-1,24,2,16,-1,23,12,32,-1,14,8,34,20,3,26,-1,-1,18,-1,-1,-1,33,44,35,4,41,39,1,1,1,1,1,16,32,3,41,27,35,33,44,2,31,30
42,44,-1,32,17,23,-1,33,35,29,-1,35,20,-1,1,17,11,10,44,39,15,41,-1,2,7,29,18,43,27,-1,1,1,1,1,1,6,8,2,33,-1,34,2,33,-1,14
42,-1,28,-1,-1,24,5,12,40,-1,0,-1,32,5,5,-1,42,41,0,2,34,35,-1,-1,-1,21,-1,34,44,-1,22,1,1,1,1,1,32,15,13,-1,0,37,6,5,-1
28,5,34,7,-1,29,-1,16,43,27,13,-1,19,-1,19,30,29,32,15,23,27,22,30,0,37,13,17,-1,27,23,31,10,1,1,1,1,1,-1,-1,27,25,-1,-1,36,-1
-1,13,21,2,31,36,29,-1,-1,6,18,35,9,-1,11,-1,-1,1,28,40,43,18,13,44,-1,38,6,0,1,-1,15,-1,17,1,1,1,1,1,14,1,-1,10,44,43,35
41,-1,43,4,-1,-1,-1,7,17,22,-1,2,0,33,43,-1,6,34,-1,-1,3,-1,43,39,13,-1,12,11,8,-1,-1,21,-1,-1,1,1,1,1,1,3,37,30,0,11,21
18,-1,14,24,21,-1,40,43,27,27,10,25,41,3,-1,32,13,-1,20,17,17,36,0,-1,15,20,8,-1,32,19,-1,10,-1,20,11,1,1,1,1,1,5,-1,22,21,-1
36,-1,5,-1,-1,15,0,20,0,-1,13,19,-1,27,-1,-1,18,-1,42,-1,21,42,8,28,-1,27,26,34,-1,9,17,-1,38,22,-1,-1,1,1,1,1,1,-1,-1,-1,11
-1,31,41,-1,27,42,22,17,25,8,31,-1,-1,11,1,36,2,37,-1,10,39,18,16,21,37,18,-1,-1,1,-1,-1,17,20,16,18,34,-1,1,1,1,1,1,5,40,21
41,6,39,14,-1,-1,42,37,33,-1,4,15,-1,34,18,43,12,27,-1,42,29,3,9,25,15,-1,35,4,12,-1,10,6,-1,35,44,10,4,23,1,1,1,1,1,39,15
23,6,31,34,12,12,16,-1,11,16,19,-1,23,9,35,18,35,0,30,-1,15,4,-1,12,7,-1,-1,-1,29,-1,-1,3,-1,3,-1,38,36,30,23,1,1,1,1,1,29
0,25,-1,6,-1,39,22,-1,36,34,10,19,35,9,0,7,4,-1,-1,42,23,-1,27,-1,-1,22,44,24,23,15,34,38,17,-1,35,2,2,21,17,18,1,1,1,1,1
5,36,-1,34,22,41,34,5,25,10,10,16,34,14,13,-1,-1,-1,-1,9,-1,25,36,2,26,-1,28,-1,40,15,-1,34,31,28,-1,28,5,-1,8,-1,-1,1,1,1,1
27,16,22,32,5,-1,36,26,16,42,41,-1,-1,34,32,0,7,25,23,2,-1,25,22,18,-1,15,28,33,8,1,23,23,39,21,23,15,20,14,9,12,9,33,1,1,1
50,50
0,0
49,49
1,1,1,44,12,36,8,21,-1,40,44,9,38,38,4,-1,42,37,48,0,30,44,46,0,-1,18,36,29,24,20,-1,9,3,24,31,-1,14,5,27,-1,49,34,13,-1,35,-1,0,35,29,-1
1,1,1,1,29,-1,38,40,15,26,42,18,25,19,-1,30,18,7,8,16,17,47,21,47,-1,-1,13,-1,26,-1,-1,41,37,47,37,39,3,-1,-1,14,36,10,22,42,10,47,-1,12,41,-1
1,1,1,1,1,1,6,19,1,16,28,49,27,28,22,19,10,20,-1,-1,36,45,-1,-1,21,1,-1,30,-1,-1,27,5,21,27,36,21,34,14,32,24,31,5,27,31,46,22,44,12,5,48
46,1,1,1,1,1,18,35,30,30,-1,-1,-1,3,30,1,38,44,41,47,1,34,28,46,33,9,45,4,28,-1,40,-1,43,-1,-1,10,-1,-1,16,31,-1,25,36,-1,38,24,23,8,33,-1
35,22,1,1,1,1,1,-1,25,5,9,13,24,49,11,-1,16,35,22,40,13,1,13,23,8,29,16,-1,29,42,28,-1,44,14,9,22,13,-1,8,19,-1,-1,42,28,33,12,-1,9,40,47
29,-1,45,1,1,1,1,1,-1,15,-1,28,37,19,-1,12,46,-1,-1,-1,-1,39,4,-1,27,13,31,-1,-1,23,-1,49,-1,42,46,11,36,11,-1,-1,1,29,-1,5,-1,-1,16,40,13,38
3,35,2,34,1,1,1,1,1,39,38,14,39,6,9,26,20,41,16,19,47,44,39,46,11,22,31,6,31,-1,22,-1,45,26,32,21,16,19,6,22,6,19,31,10,42,-1,-1,10,39,12
37,2,48,12,-1,1,1,1,1,1,-1,49,18,34,20,44,25,33,22,2,17,39,21,-1,5,9,26,-1,-1,30,-1,20,-1,-1,23,-1,26,17,-1,20,20,-1,40,42,31,19,-1,48,46,47
44,11,13,20,1,21,1,1,1,1,1,-1,6,6,40,8,46,2,-1,30,27,45,-1,39,-1,5,-1,13,7,0,-1,2,-1,36,20,36,-1,17,20,-1,-1,12,4,45,48,12,-1,-1,-1,32
41,-1,2,16,18,8,31,1,1,1,1,1,47,18,-1,-1,9,46,20,2,19,9,-1,-1,37,16,27,31,42,-1,35,48,-1,-1,12,45,24,27,14,36,10,31,12,14,15,-1,9,49,37,42
13,33,45,1,45,15,44,46,1,1,1,1,1,4,32,29,-1,17,0,19,4,43,-1,33,24,31,43,-1,17,-1,48,27,-1,21,-1,-1,23,30,32,36,46,39,-1,9,37,37,-1,-1,14,17
35,32,-1,11,27,15,19,14,45,1,1,1,1,1,-1,-1,43,39,23,47,42,45,40,18,15,29,-1,-1,35,-1,-1,26,-1,20,35,18,30,30,-1,35,26,27,18,5,38,10,5,10,8,1
0,24,-1,3,7,22,7,-1,-1,-1,1,1,1,1,1,10,43,-1,45,-1,7,34,30,27,-1,-1,36,46,19,32,27,48,37,10,19,15,49,33,-1,45,42,27,-1,-1,18,12,-1,19,-1,-1
9,11,-1,42,8,-1,37,33,25,-1,46,1,1,1,1,1,26,31,10,22,42,13,26,25,39,12,4,8,7,-1,27,12,12,14,-1,43,-1,-1,-1,11,9,-1,36,-1,-1,-1,25,23,49,12
26,6,16,-1,-1,30,1,19,30,38,48,43,1,1,1,1,1,25,-1,-1,0,32,5,11,14,-1,46,44,-1,13,-1,-1,39,43,13,41,6,46,36,-1,23,-1,20,42,26,-1,38,40,6,4
-1,36,23,0,-1,13,32,42,-1,38,-1,42,39,1,1,1,1,1,46,7,39,-1,-1,-1,42,2,13,34,-1,7,38,20,8,6,1,-1,9,45,34,10,-1,25,1,32,12,-1,30,39,49,-1
10,43,8,-1,3,23,-1,23,13,29,47,27,33,20,1,1,1,1,1,29,12,-1,22,31,0,-1,49,-1,9,4,33,11,39,-1,33,17,2,4,43,7,23,43,24,-1,23,27,-1,23,19,35
8,0,-1,39,46,29,-1,43,46,25,-1,26,42,42,26,1,1,1,1,1,23,38,21,-1,1,35,11,17,25,8,-1,43,38,43,1,24,38,36,3,2,40,49,16,33,-1,42,4,-1,-1,19
39,36,10,38,-1,-1,-1,-1,-1,40,26,-1,-1,25,1,-1,1,1,1,1,1,11,2,42,-1,-1,13,-1,-1,42,-1,13,19,39,-1,36,-1,25,4,14,37,-1,38,-1,17,31,11,1,-1,46
4,-1,33,34,15,33,11,5,22,-1,3,39,-1,-1,-1,41,33,1,1,1,1,1,25,42,-1,-1,30,5,-1,13,-1,20,41,32,2,40,3,32,30,12,35,49,47,40,40,19,-1,-1,-1,37
17,-1,12,-1,48,33,16,0,38,16,-1,29,28,20,43,6,36,33,1,1,1,1,1,28,20,-1,2,2,0,14,-1,35,-1,18,33,28,-1,29,-1,4,22,29,7,12,-1,23,12,6,7,-1
-1,24,32,25,17,-1,38,19,10,5,9,-1,41,-1,15,38,23,30,21,1,1,1,1,1,26,-1,4,32,44,-1,-1,36,31,43,18,19,31,42,14,5,46,-1,44,42,12,9,34,21,-1,5
24,40,-1,-1,-1,9,43,38,26,-1,-1,5,36,-1,43,43,36,22,17,7,1,1,1,1,1,32,21,2,18,16,29,11,-1,4,8,-1,-1,7,21,10,-1,28,8,1,23,34,16,14,-1,13
-1,-1,28,34,14,6,-1,25,17,-1,-1,-1,10,-1,-1,13,31,8,-1,11,37,1,1,1,1,1,21,48,45,10,22,36,1,18,6,48,2,28,30,44,4,31,8,42,42,16,24,19,-1,-1
-1,3,13,16,32,1,-1,15,14,37,10,22,-1,-1,-1,22,-1,0,10,16,31,32,1,1,1,1,1,30,19,-1,46,24,24,7,18,-1,45,6,-1,23,-1,-1,31,-1,-1,12,-1,22,49,5
15,8,-1,-1,42,-1,2,20,34,37,17,15,38,21,17,7,3,46,33,-1,26,2,36,1,1,1,1,1,38,-1,43,42,20,40,23,1,42,36,30,23,-1,27,21,1,-1,-1,19,17,45,-1
18,11,-1,-1,-1,41,8,-1,2,42,-1,-1,47,-1,9,14,48,40,24,29,34,37,42,27,1,1,1,1,1,18,40,-1,26,-1,49,46,49,-1,11,-1,42,35,-1,-1,47,35,-1,24,39,3
48,40,26,17,-1,45,40,3,-1,35,-1,-1,-1,-1,23,38,3,23,49,18,15,34,45,4,22,1,1,1,1,1,25,8,18,-1,16,17,44,-1,28,0,29,-1,13,29,-1,30,16,-1,1,26
9,-1,6,-1,16,24,-1,8,3,2,11,-1,23,14,49,46,37,17,46,32,13,10,24,7,8,32,1,1,1,1,1,-1,46,45,-1,24,5,25,28,30,9,16,9,-1,22,30,-1,40,5,44
43,-1,-1,20,9,24,6,8,18,-1,19,34,-1,42,13,35,8,11,8,11,38,36,-1,-1,26,41,36,1,1,1,1,1,18,32,-1,41,24,0,13,30,17,19,2,7,19,2,39,29,29,39
29,9,6,49,1,31,5,36,33,-1,31,37,8,31,32,-1,2,-1,37,33,49,9,18,17,43,8,40,-1,1,1,1,1,1,4,3,28,18,49,-1,19,36,22,12,-1,41,37,7,33,17,15
20,-1,45,49,5,49,39,33,-1,42,25,11,-1,39,36,42,-1,-1,22,43,21,-1,-1,-1,-1,14,37,47,21,1,1,1,1,1,-1,18,0,-1,44,-1,10,22,45,23,18,6,23,9,42,2
33,-1,46,-1,30,-1,32,1,49,39,26,22,44,33,38,-1,11,10,-1,49,1,45,16,-1,23,37,3,0,45,-1,1,1,1,1,1,18,-1,-1,-1,-1,8,0,-1,16,-1,-1,25,1,5,17
29,-1,33,32,-1,20,26,8,33,14,4,6,42,41,37,40,48,-1,7,-1,11,8,16,10,45,-1,39,34,13,32,38,1,1,1,1,1,7,-1,-1,-1,0,15,15,46,33,1,-1,49,19,35
25,-1,32,-1,3,3,40,5,14,24,3,-1,8,33,40,35,2,-1,34,32,49,47,-1,47,-1,19,1,29,1,-1,36,9,1,1,1,1,1,6,-1,14,49,31,26,38,6,18,27,8,21,32
23,35,36,19,36,7,-1,-1,-1,21,22,21,27,22,14,10,2,-1,-1,16,47,11,15,-1,14,-1,0,37,19,25,17,24,33,1,1,1,1,1,27,9,22,-1,42,-1,28,17,8,33,-1,19
5,-1,18,26,16,28,15,-1,24,38,-1,10,38,13,18,4,22,-1,48,38,18,-1,16,-1,-1,45,-1,43,5,17,44,49,11,8,1,1,1,1,1,37,-1,32,30,20,9,49,-1,8,4,10
43,-1,1,33,-1,-1,-1,49,47,30,0,-1,39,45,39,-1,23,36,23,-1,42,42,12,14,11,18,-1,47,-1,9,2,47,22,1,8,1,1,1,1,1,-1,5,13,-1,-1,23,0,4,22,12
5,1,6,19,4,0,31,-1,10,-1,8,-1,-1,25,21,36,38,-1,25,-1,-1,15,-1,10,23,14,28,43,35,-1,-1,-1,-1,44,23,19,1,1,1,1,1,32,0,16,43,29,1,24,-1,46
8,-1,-1,19,18,19,34,-1,-1,22,27,2,-1,-1,-1,27,7,31,-1,46,10,9,20,33,19,1,8,31,29,29,14,36,44,23,22,-1,39,1,1,1,1,1,41,-1,33,24,37,27,13,29
29,12,21,26,27,35,-1,41,24,0,-1,5,-1,35,18,30,14,20,32,40,39,49,29,11,37,15,38,-1,-1,8,-1,27,37,36,-1,30,4,42,1,1,1,1,1,7,6,35,35,33,44,38
14,33,-1,-1,16,17,17,-1,-1,27,30,22,22,-1,-1,14,8,35,-1,22,47,25,14,40,20,-1,32,17,34,24,-1,19,-1,22,6,-1,37,18,18,1,1,1,1,1,14,-1,24,45,22,-1
-1,22,-1,40,-1,5,-1,14,49,32,16,36,43,40,16,15,29,-1,8,-1,-1,24,21,-1,20,35,14,33,2,26,-1,-1,34,-1,21,-1,24,7,-1,-1,1,1,1,1,1,21,28,25,26,-1
1,-1,7,8,6,26,25,22,47,18,1,36,36,33,31,-1,34,32,48,13,38,12,-1,45,11,2,-1,48,2,7,30,-1,27,12,45,35,18,1,34,0,10,1,1,1,1,1,47,-1,25,-1
8,8,2,22,3,-1,-1,40,1,-1,41,-1,-1,24,27,48,-1,-1,43,-1,17,38,-1,30,-1,-1,-1,7,7,10,9,22,18,35,41,11,30,35,30,47,16,24,1,1,1,1,1,13,26,3
43,-1,41,18,-1,-1,0,-1,23,-1,4,26,31,29,15,-1,-1,17,15,28,5,9,-1,13,17,22,-1,19,39,-1,33,17,30,-1,19,-1,38,31,26,14,42,14,34,1,1,1,1,1,20,49
21,30,4,34,40,14,38,19,3,-1,-1,11,23,3,-1,36,-1,-1,18,29,0,13,4,23,42,20,10,9,-1,-1,19,47,-1,-1,38,14,33,30,13,-1,26,45,-1,-1,1,1,1,1,1,21
19,12,10,39,36,-1,33,27,14,38,6,31,-1,40,-1,9,35,19,28,0,30,45,19,-1,22,39,39,49,12,13,3,32,47,-1,14,43,24,-1,12,-1,12,16,39,10,7,1,1,1,1,1
47,46,42,18,11,0,22,35,-1,26,-1,47,3,38,-1,23,42,42,-1,26,20,-1,48,2,19,18,27,11,-1,49,-1,31,45,46,-1,29,5,3,24,35,38,10,25,-1,23,30,1,1,1,1
34,24,19,31,-1,30,43,37,25,1,23,19,48,36,12,-1,30,-1,-1,-1,42,30,29,21,21,-1,24,-1,26,-1,-1,37,-1,49,-1,-1,39,-1,19,22,42,36,-1,42,9,-1,27,1,1,1
55,55
0,0
54,54
1,1,1,17,53,-1,-1,31,10,-1,-1,36,-1,31,49,13,40,-1,33,-1,25,35,5,27,26,13,26,13,12,9,21,39,26,-1,-1,23,9,11,2,3,-1,7,52,50,52,45,13,12,34,31,-1,-1,44,-1,2
1,1,1,1,23,8,45,22,11,40,49,-1,14,53,43,40,-1,39,1,16,29,43,17,16,7,39,50,-1,35,-1,40,-1,-1,-1,9,31,-1,19,46,27,24,41,-1,-1,-1,26,-1,31,45,52,-1,12,22,14,53
1,1,1,1,1,34,5,-1,-1,52,-1,14,-1,16,54,10,34,16,51,36,41,48,51,45,-1,28,-1,-1,30,-1,9,-1,-1,38,20,47,21,39,17,9,46,7,12,-1,13,-1,20,53,-1,3,1,50,10,-1,38
-1,1,1,1,1,1,26,31,43,23,-1,36,48,50,-1,28,19,-1,-1,24,-1,5,28,44,10,3,-1,43,50,1,44,43,46,26,28,37,0,29,12,18,5,-1,34,21,17,45,-1,44,19,41,39,22,54,29,44
33,-1,1,1,1,1,1,-1,30,20,-1,-1,40,4,3,50,-1,31,-1,-1,2,50,50,37,-1,7,43,-1,-1,24,18,48,12,38,36,32,-1,-1,16,16,-1,-1,31,4,31,27,34,-1,31,-1,29,-1,49,29,8
1,13,-1,1,1,1,1,1,37,38,34,7,19,12,32,-1,11,54,35,1,49,4,43,1,11,2,30,29,17,-1,11,-1,8,11,47,-1,45,25,-1,47,26,38,-1,38,-1,32,-1,48,-1,-1,16,51,51,-1,21
-1,1,23,33,1,1,1,1,1,35,11,41,-1,19,5,40,-1,34,28,36,23,41,47,2,-1,-1,36,11,35,-1,30,53,18,51,20,54,36,34,6,2,6,54,13,41,28,34,30,49,-1,40,53,22,11,37,24
36,-1,46,-1,20,1,1,1,1,1,-1,46,16,27,47,-1,-1,17,13,27,13,44,6,-1,40,-1,14,-1,4,18,17,31,22,36,15,3,-1,-1,-1,-1,44,25,16,21,30,3,16,28,15,47,-1,33,29,18,-1
-1,37,44,-1,48,23,1,1,1,1,1,33,31,-1,16,43,23,53,20,-1,28,-1,14,48,49,4,45,20,7,36,1,42,-1,48,12,42,7,-1,-1,7,38,-1,36,51,-1,41,43,19,44,50,28,28,42,-1,2
-1,38,14,25,36,16,0,1,1,1,1,1,-1,22,18,-1,9,32,6,31,19,34,6,7,26,0,29,-1,47,22,54,14,27,44,37,41,45,47,5,12,27,38,-1,2,-1,19,41,1,11,20,53,37,-1,-1,2
-1,-1,17,47,34,17,34,-1,1,1,1,1,1,11,-1,33,41,-1,52,51,17,40,16,28,-1,19,-1,40,2,41,24,-1,34,50,26,23,41,-1,-1,-1,-1,28,-1,24,-1,2,4,-1,33,14,35,22,-1,40,51
-1,14,5,45,53,13,11,-1,-1,1,1,1,1,1,29,48,50,8,39,14,16,18,-1,46,46,0,-1,30,34,-1,43,49,47,25,0,47,-1,36,19,-1,10,47,46,-1,-1,-1,-1,30,-1,50,14,37,-1,43,33
-1,23,26,-1,14,-1,11,27,12,28,1,1,1,1,1,36,36,-1,43,10,36,29,13,15,34,23,-1,35,40,41,16,-1,10,14,-1,51,10,14,36,6,12,9,31,25,54,52,-1,30,8,4,-1,29,14,50,47
39,-1,54,24,-1,10,14,30,10,-1,-1,1,1,1,1,1,30,44,25,11,34,16,21,43,-1,22,45,-1,53,50,53,16,40,-1,41,44,-1,40,20,1,50,53,-1,33,29,8,28,-1,4,-1,3,26,49,-1,-1
-1,11,38,-1,3,-1,-1,-1,20,-1,33,6,1,1,1,1,1,-1,39,45,53,-1,8,34,-1,17,47,-1,-1,4,52,33,22,-1,53,27,29,26,54,-1,32,28,54,22,48,11,46,47,27,8,9,50,-1,8,27
0,21,16,28,31,38,-1,19,18,47,4,6,-1,1,1,1,1,1,45,-1,32,-1,42,28,-1,36,-1,28,7,-1,43,-1,17,17,-1,43,2,50,25,48,-1,-1,32,-1,42,33,32,27,36,32,23,-1,-1,43,51
15,-1,-1,24,0,-1,-1,43,5,32,35,-1,54,12,1,1,1,1,1,36,-1,4,-1,46,18,-1,-1,-1,-1,-1,40,-1,47,-1,42,-1,-1,-1,-1,-1,38,-1,51,-1,-1,-1,-1,11,-1,12,31,6,8,26,-1
6,-1,-1,21,35,-1,18,-1,10,26,-1,17,53,22,10,1,1,1,1,1,-1,20,-1,-1,-1,-1,41,35,49,26,10,-1,49,2,-1,52,44,-1,4,-1,-1,18,-1,-1,10,41,45,29,44,-1,16,-1,26,9,8
-1,41,19,16,-1,33,-1,53,-1,27,12,15,-1,34,-1,-1,1,1,1,1,1,50,-1,-1,-1,-1,39,24,30,-1,-1,3,10,6,-1,47,37,15,52,-1,37,-1,9,54,50,8,54,15,31,10,9,34,32,-1,16
3,20,7,25,42,27,37,49,51,-1,45,51,-1,34,19,45,37,1,1,1,1,1,42,26,40,19,35,18,-1,12,-1,-1,34,40,-1,15,38,9,-1,-1,-1,-1,47,-1,27,24,16,25,22,13,34,-1,15,30,17
5,27,53,53,9,32,42,3,-1,-1,-1,21,22,-1,41,10,51,-1,1,1,1,1,1,43,-1,52,29,19,-1,-1,47,48,23,41,4,28,42,52,33,-1,51,24,2,18,13,-1,43,37,38,43,-1,27,0,11,-1
34,-1,6,35,2,-1,54,2,46,33,27,-1,51,53,2,2,-1,-1,5,1,1,1,1,1,-1,37,23,44,50,27,27,-1,-1,10,-1,38,5,14,-1,35,30,-1,-1,-1,13,48,-1,36,21,-1,33,24,39,-1,-1
14,25,26,-1,-1,-1,31,17,16,33,16,-1,37,24,22,16,22,-1,39,37,1,1,1,1,1,53,7,6,40,11,29,-1,24,-1,28,37,53,-1,14,26,37,44,36,53,42,35,-1,41,23,15,-1,47,1,29,16
-1,0,5,3,45,54,35,30,20,48,-1,6,31,40,51,36,-1,-1,17,-1,-1,1,1,1,1,1,-1,28,32,6,39,19,52,-1,11,35,54,18,27,1,41,33,-1,32,-1,5,-1,48,20,23,30,-1,27,10,-1
-1,50,40,12,15,42,29,-1,12,16,45,13,7,-1,26,15,47,-1,29,36,16,38,1,1,1,1,1,16,19,-1,1,13,32,-1,31,4,34,18,-1,36,27,26,-1,3,36,0,29,-1,53,-1,29,54,-1,-1,33
42,13,-1,29,46,-1,21,-1,0,5,35,-1,17,-1,47,-1,52,-1,39,10,-1,51,9,1,1,1,1,1,43,-1,0,48,29,-1,-1,3,46,50,-1,48,20,46,31,-1,32,-1,38,16,-1,49,33,-1,37,8,49
-1,-1,5,50,-1,17,34,-1,54,22,41,45,0,11,-1,10,8,13,23,17,24,39,9,-1,1,1,1,1,1,34,-1,54,38,31,42,-1,21,47,-1,23,-1,9,-1,7,31,44,35,-1,-1,44,54,27,7,-1,20
33,14,34,35,14,28,14,-1,1,-1,-1,-1,6,-1,51,27,2,18,-1,10,52,21,20,24,5,1,1,1,1,1,1,29,0,0,32,22,44,11,-1,28,-1,-1,49,10,34,23,47,50,27,-1,-1,6,-1,36,53
8,-1,52,9,35,37,40,-1,8,-1,7,51,17,17,13,23,-1,20,16,21,33,-1,33,-1,6,7,1,1,1,1,1,17,-1,33,7,29,45,1,-1,4,26,28,1,49,24,1,53,4,24,8,53,11,15,18,5
14,-1,-1,20,35,53,26,28,-1,-1,29,3,29,40,45,44,22,7,-1,28,5,-1,52,35,3,43,48,1,1,1,1,1,30,-1,45,16,28,-1,23,14,31,8,9,-1,52,20,-1,-1,-1,17,45,3,51,-1,15
47,50,33,-1,7,30,49,11,5,-1,15,-1,46,42,33,9,36,13,50,37,47,16,9,6,45,12,0,11,1,1,1,1,1,20,11,6,49,50,3,0,47,38,5,6,27,51,50,3,54,-1,-1,-1,-1,42,30
37,1,16,35,33,-1,54,41,-1,0,24,54,0,-1,32,29,-1,-1,53,39,38,36,27,-1,23,25,11,-1,25,1,1,1,1,1,7,0,19,-1,-1,-1,37,54,12,23,12,48,5,10,4,41,34,8,47,-1,42
35,7,-1,34,12,-1,2,2,-1,-1,46,-1,-1,19,32,-1,5,-1,23,37,33,14,2,23,52,33,29,5,6,54,1,1,1,1,1,3,46,-1,24,15,35,44,16,5,29,52,34,-1,13,43,-1,52,37,-1,12
27,12,6,2,8,26,1,1,53,0,-1,19,20,16,-1,-1,37,53,7,28,32,9,21,45,54,47,-1,-1,0,25,54,1,1,1,1,1,32,26,51,31,34,49,-1,-1,46,34,-1,29,-1,34,32,37,16,31,8
3,22,14,11,36,11,48,19,-1,30,-1,37,3,-1,27,15,25,15,49,19,44,32,-1,47,-1,28,17,10,25,29,50,-1,1,1,1,1,1,54,5,32,40,22,-1,0,-1,39,10,32,32,21,11,-1,54,49,35
48,16,35,48,-1,20,33,-1,24,20,-1,16,-1,11,20,8,-1,3,52,-1,13,11,13,43,22,16,-1,43,34,-1,6,42,1,1,1,1,1,1,-1,50,53,37,39,26,33,52,12,17,44,28,38,37,-1,8,53
17,49,20,19,-1,24,6,10,22,4,10,44,53,48,21,-1,31,25,-1,30,-1,-1,23,-1,39,-1,40,-1,2,18,31,50,-1,4,1,1,1,1,1,11,32,-1,36,-1,-1,22,33,1,38,26,53,36,-1,3,53
4,11,-1,8,52,16,-1,13,26,-1,28,6,4,-1,32,52,3,45,30,16,-1,21,14,10,4,-1,47,3,30,47,31,4,-1,51,8,1,1,1,1,1,4,16,-1,-1,31,-1,-1,20,54,11,-1,-1,-1,11,6
39,25,-1,-1,-1,17,18,8,9,22,15,-1,-1,36,21,32,-1,47,51,40,8,17,-1,-1,8,-1,-1,30,14,49,27,15,-1,6,13,-1,1,1,1,1,1,-1,45,30,50,17,1,41,43,39,-1,-1,33,36,52
49,42,32,-1,19,50,16,52,7,2,31,54,-1,16,6,-1,-1,-1,30,0,12,-1,-1,4,18,49,42,23,25,3,27,19,26,49,23,12,19,1,1,1,1,1,-1,36,-1,31,-1,12,-1,-1,-1,12,43,40,0
21,13,27,33,6,-1,38,28,34,9,-1,23,21,44,50,40,-1,53,-1,14,34,14,13,0,20,24,-1,-1,33,47,32,32,4,-1,48,19,13,33,1,1,1,1,1,17,7,-1,30,40,8,24,9,4,22,-1,4
15,18,23,39,9,24,39,27,33,15,40,31,50,35,35,49,44,-1,45,27,9,25,39,4,6,-1,18,9,36,27,2,40,-1,47,20,40,-1,10,49,1,1,1,1,1,27,16,5,0,36,35,29,7,-1,13,-1
46,-1,39,2,27,7,45,22,49,53,-1,27,-1,27,14,-1,24,41,22,-1,-1,24,52,28,36,7,41,1,-1,30,5,-1,30,24,-1,33,0,27,35,30,1,1,1,1,1,47,17,34,-1,10,25,-1,42,-1,44
45,42,46,-1,24,20,36,-1,26,51,3,40,-1,8,32,-1,-1,-1,35,21,38,51,10,-1,-1,-1,-1,4,34,1,51,8,19,2,0,47,38,-1,-1,3,49,1,1,1,1,1,36,4,-1,42,41,45,11,-1,25
2,33,21,40,31,6,11,8,8,24,29,-1,-1,48,-1,27,36,23,-1,35,16,34,2,18,28,-1,-1,8,48,4,19,-1,11,-1,18,51,2,37,5,2,16,23,1,1,1,1,1,48,26,47,9,7,-1,35,37
25,3,31,15,-1,-1,-1,4,30,39,5,-1,-1,-1,33,54,33,44,54,-1,51,30,-1,17,38,27,50,-1,16,17,2,-1,47,19,8,-1,10,22,7,-1,41,-1,0,1,1,1,1,1,13,41,-1,-1,40,-1,44
54,51,45,11,25,50,6,-1,12,28,1,-1,16,10,46,33,16,-1,33,1,36,-1,23,25,17,34,39,49,-1,19,32,35,1,29,27,26,0,38,52,46,-1,6,22,-1,1,1,1,1,1,-1,42,7,28,35,24
49,33,13,54,40,36,15,-1,10,1,-1,-1,10,2,12,13,48,24,12,-1,31,0,16,36,40,54,26,42,3,14,45,37,6,19,17,45,15,13,26,32,32,21,33,26,27,1,1,1,1,1,35,-1,5,18,-1
-1,21,20,-1,-1,3,16,8,25,30,-1,7,38,1,39,-1,54,6,24,45,8,33,7,-1,-1,39,14,33,19,27,-1,29,45,10,27,-1,-1,33,17,36,50,0,27,-1,-1,37,1,1,1,1,1,-1,34,38,32
-1,6,17,50,9,39,41,41,-1,1,1,5,11,3,28,39,3,51,54,-1,39,-1,9,6,30,49,34,-1,12,14,25,-1,44,48,-1,-1,4,8,-1,9,-1,27,18,8,30,3,-1,1,1,1,1,1,21,53,54
0,13,8,54,22,3,24,24,24,42,-1,48,53,17,6,33,16,51,0,52,12,-1,9,2,27,46,15,7,-1,40,29,54,51,44,33,-1,17,1,-1,-1,35,54,9,38,-1,1,-1,54,1,1,1,1,1,-1,8
11,14,0,37,13,-1,45,-1,18,45,20,5,26,-1,48,-1,4,7,-1,3,50,26,54,2,47,39,36,49,27,51,19,-1,17,43,50,1,15,47,-1,6,41,5,34,4,-1,14,0,-1,33,1,1,1,1,1,-1
28,3,-1,38,15,41,51,13,-1,39,1,14,18,8,52,-1,39,22,11,20,-1,3,16,20,45,33,49,-1,10,33,31,20,32,15,47,30,4,54,49,4,-1,-1,-1,46,27,35,42,47,42,23,1,1,1,1,1
39,14,-1,-1,4,20,-1,31,14,25,1,30,42,-1,36,48,0,-1,22,10,-1,-1,51,28,3,54,-1,30,13,7,45,1,36,53,53,4,12,22,15,48,23,39,10,48,-1,-1,17,-1,-1,31,-1,1,1,1,1
45,2,52,-1,-1,37,-1,50,27,25,-1,18,24,10,51,27,46,54,41,11,8,20,23,11,14,12,15,-1,-1,47,-1,43,-1,-1,48,9,-1,23,18,19,45,20,36,31,9,14,17,-1,-1,7,-1,-1,1,1,1
